Serial
Vertices    Connections Time (10 times)     Average time
10          50          1 0 0 0 0           0.2
100         500         0 0 0 0 0           0
1000        5000        3 3 1 0 2           1.8
10000       50000       17 16 8 22          15.75
10000       100000      7 5 16 12 20        12
50000       100000      29 31 32 33 32      31.4
100000      100000      129 95 94 94 102    102.8

Parallel (12 threads)
Vertices    Connections Time (10 times)     Average time
10          50          6 6 8 7 13          8
100         500         4 16 30 32 5        17.4
1000        5000        7 6 8 10 6          7.4
10000       50000       22 27 26 33 24      26.4
10000       100000      34 37 34 33 27      33
50000       100000      19 16 16 26 35      22.4
100000      100000      29 72 38 52 68      51.8