12 threads
Vertices    Connections Time (5 times)      Average time
10          50          6 6 8 7 13          8
100         500         4 16 30 32 5        17.4
1000        5000        7 6 8 10 6          7.4
10000       50000       22 27 26 33 24      26.4
10000       100000      34 37 34 33 27      33
50000       100000      19 16 16 26 35      22.4
100000      100000      29 72 38 52 68      51.8

6 threads
Vertices    Connections Time (5 times)      Average time
10          50          5 5 4 5 4           4.6
100         500         3 3 3 3 2           2.8
1000        5000        5 5 5 5 5           5
10000       50000       30 28 28 29 33      29.6
10000       100000      34 27 34 34 32      32.2
50000       100000      58 17 97 59 115     69.2
100000      100000      48 47 36 45 53      45.8

3 threads
Vertices    Connections Time (5 times)      Average time
10          50          4 6 4 4 3           4.2
100         500         3 1 3 2 3           2.4
1000        5000        4 4 3 4 4           3.8
10000       50000       15 18 17 17 14      16.2
10000       100000      51 42 49 41 41      44.8
50000       100000      76 57 54 59 64      62
100000      100000      60 60 69 97 63      69.8

1 thread
Vertices    Connections Time (5 times)      Average time
10          50          3 4 4 3 3           3.4
100         500         3 2 3 2 3           2.6
1000        5000        5 4 4 4 4           4.2
10000       50000       30 28 29 26 40      30.6
10000       100000      20 19 20 19 17      19
50000       100000      134 130 132 133 131 132
100000      100000      112 128 110 119 106 115